X=[1.205448310546595
  -1.168056738336585
  -1.549807859061357
   4.009212209726107
  -2.521422933568673
  -0.901334210376937
  -1.107772929553355
   1.272464814594869
  -3.172970231004174
   0.154147004711244
   0.167530242157609
  -4.504871064832148
  -2.396795245213682
   2.470034899052314
   1.026773633575065
   1.877240443351289
  -3.953096809146139
  -2.145885192280170
  -1.426549965038919
   2.564879896217420
  -0.447737695465858
   1.947487782403014
   4.446845009066799
   0.084153006891069
   0.400305164213304
  -1.929946572252525
   0.511060359240359
  -1.558354855224827
   1.411518522267503
   5.327716267497284
  -2.022121095457081
  -2.156283155840895
   1.956996453719406
   0.702775442024846
   0.140877335550335
  -0.417756335742730
   1.539774685361327
   0.376582990199943
   2.335745546327023
  -2.298981139391797
   2.329444622620333
   0.381440228398518
   0.792508738346637
   3.215067949288232
  -0.191077060490313
   4.310510501209791
   2.516425689004627
   4.809952074988942
  -1.940744255668301
  -2.375383308013816
  -0.335219596052875
   0.806150886262551
   0.785084246299431
   4.091969968477516
   1.212636419825434
  -1.786959596069494
   0.081554017907517
   5.376271681066896
   1.671653288992316
  -2.095370375598279
   1.787484812903092
   1.064868195759667
  -0.703958577451265
  -4.268790707849721
  -2.806284261561681
  -1.235656885036170
  -1.536696920983766
   1.826118737111616
  -2.826170269009529
   1.087348861623233
   2.539880073209253
   2.449681777105765
   3.392445338032976
   0.894611030514104
  -1.306174231450022
  -2.708000397030032
   3.825025721925499
  -3.866968143838087
   4.408790890907894
   1.068686346711876
  -0.415926008170070
   0.261040234710272
   0.595461985280529
  -5.237017401470296
   3.044659190505325
   0.615599864578136
   1.683732868196014
  -2.239914152902654
  -1.981178806199646
   0.633574096026081
  -0.997065984026072
   1.702257832119308
   0.031293680354365
  -1.681876130155984
  -4.308306245742902
   1.839166696440195
   0.398902995010956
  -1.579331407497918
   2.690723322986420
  -0.269214025560554
   3.533589209332687
  -0.047516173419108
   1.673028358261992
   1.963723735168414
   0.827655252514090
  -2.345674798388221
   1.395637436000727
  -0.951700246594475
  -4.052563123982537
   2.181964446258280
  -2.507713241203128
  -0.905623091912300
   0.191218444042353
   0.016107448026343
   1.506307302538048
   3.138550957025475
  -0.773397680463509
  -0.450626471146707
   2.076662658805870
   0.654293734764782
   2.786840256022201
  -3.037023587495407
   1.520893672253923
   1.199283446810770
   0.288675501620524
   2.296219092823129
  -0.556650253898800
   0.988688017032744
   2.334857647662593
   3.423083693988586
  -3.295542380034211
  -0.504122348746580
  -2.522958274402368
   0.807784368642953
   1.098199318946411
  -6.188694716780240
   0.441718184450599
   2.173676778302658
   3.745569473851981
  -3.018194430265683
   1.031849506109079
   0.694123825086520
  -1.433364013747044
  -0.456410695018048
  -3.723534555396476
  -1.197462860624065
  -0.183935792532248
  -2.409062014728169
   1.808138959598197
   0.399130498569730
   0.942677137826045
  -4.540905065626278
  -3.586680955912301
   0.086033280616651
  -1.022960767653603
   1.121272011756195
   1.229567581351042
  -4.444105693700371
  -3.417967541261688
  -1.623155312502577
  -0.656715634810028
  -1.578715201331871
   1.032154297338328
   0.071385654971417
   0.284531360056046
   1.819867628735372
  -3.055917990370429
   2.075930231307482
   0.368410540639027
  -0.400491165748218
   2.051778513191751
   5.525551979444309
  -0.447778571032788
   1.785734992591039
   0.092763568809241
  -0.749999806416079
  -1.592590350889098
   0.729125135426041
   2.475114702467842
   0.128584472899637
   1.934214873699635
   1.079211573468808
  -3.185730456709598
  -2.337596549966590
   0.538445086544829
   0.020496329454743
  -0.629713390498716
  -0.227164748524869
  -0.293941539852217
   0.855395380780904
   0.547309302365653
   1.151697755113488
  -0.845476963472600
  -3.793348166311509
  -0.805232201568832
  -0.447929083579196
  -2.150259040937827
   1.430885775314897
   2.406852883103428
   2.564816357578188
  -0.729041370585818
   3.747772954153041
  -2.737715596269765
   4.272109749338346
  -0.221594651258050
   0.021778261942893
   1.222380143607809
   1.476648083789571
  -0.228239369559437
  -0.676539461110930
  -3.005834019534368
   2.331886677453547
   2.850038375177155
   0.081708091760366
   2.132087102575014
   0.621224295598874
   1.314278188520100
   1.880649202418432
   0.603053425997110
  -0.305322138348782
  -2.930677583888993
  -0.073522954917348
  -2.384340183540323
   3.463424655279976
   0.247906448917791
   0.372228645724194
  -0.216499976279580
   0.189713436263059
  -0.309180095559166
   1.264770564088475
   3.780432951325996
  -1.956904385541283
   2.871236693419362
  -4.476316062286614
  -1.690146090955730
  -3.715754947708296
  -0.395082770485503
   1.373257493780268
   1.532891637276100
   0.794313308266032
   2.279640879609605
   3.093726660735021
   2.181880783867648
  -2.630753011615531
  -1.579654937056981
  -0.173560750207365
   0.920983346156999
   1.703168589347420
   0.671947325821662
  -1.970877485279102
   0.790641581781914
   3.296045854720143
  -3.230757587155327
  -2.488903441001459
   0.229381750872961
  -0.679088526744850
  -0.366577490451175
   3.505618966890252
  -0.369015795388996
  -0.626001985530668
   0.849159872811757
  -1.277171676236478
   1.093016571656470
   2.155020152284175
  -3.759374762069217
   1.426620088384986
   2.757007808724651
  -2.083469816331300
   0.811643670728320
   1.460340656543125
   2.152312944100088
  -4.412432364488082
  -1.634272546758326
   3.068791664471683
   3.401341820585468
  -0.920620087147271
   1.067312127650042
   0.725117160901518
   0.629772630514516
   0.210036644039745
  -0.637582176650913
   0.818586687977463
   1.416611535305859
  -1.674047077770256
   0.155660467221479
  -3.858328241787428
   0.276713881459812
  -1.206688704718306
   1.055729448857176
  -0.587445749309137
  -2.209883964841532
  -1.248031181050492
  -3.464165693915648
   0.699466321742496
  -1.733974791715357
   4.469333127650529
   0.693683065714328
   0.113204577339025
   6.303077432699362
  -0.757343563979811
  -3.113467955948003
   4.855425996815425
   2.078337944833434
  -0.312645007276897
  -1.636943463301602
   1.488662540829303
  -1.996319809281930
  -0.776351113797875
   0.547541080826844
  -1.217729761118979
  -2.550191082072568
   1.663143706314325
  -1.644154506325334
  -1.307855054895746
   1.047841536939258
  -2.576247186875068
   2.808138914528676
   1.558637451067496
   2.779582756450243
  -3.188239247972539
  -0.741520130756445
   3.280197534230555
  -1.577583641789218
  -4.146253496868056
  -2.430054704239008
   2.608462789816235
  -0.048112803457073
  -0.556056060448160
  -3.537928484674221
   0.962342165752353
   4.434476331983698
   0.162897192142594
  -0.313931791636415
  -1.920342873438607
  -1.913579726268155
   4.085251571714232
  -5.987370117616623
   0.427207135405615
   1.671552800256290
   0.379857734943952
   3.401931832324727
  -2.524752334967367
   3.535282901756197
  -0.803834054603096
  -2.669152742729198
  -4.968387878889390
   0.246573688680781
  -0.481529680157802
  -0.347323949132783
  -0.104405422289422
   2.513270502407059
  -4.080547562968413
   0.014797020553036
   2.588044468067949
  -2.267733721022356
  -0.545337797375371
   4.135971907245949
   0.582400158130317
  -0.503070799482801
  -0.704223828269680
  -2.065061665389057
  -1.728435035261350
  -2.280554186835590
